listing of: toma-all.prg

100 rem ********************
110 rem *                  *
120 rem * routine grafiche *
130 rem * per commodore 64 *
140 rem * di danilo  toma  *
150 rem *                  *
160 rem ********************
170 :
180 print chr$(147); spc(252)"lettura dei dati"
190 :
200 for k = 1 to 11 : read c,d,s : b = 0
210 for i = c to d : read a : b = b + a : poke i,a : next
220 if b < > s then print "errore nel blocco n.";k : end
230 next
240 :
250 sys 51000 : sys 49724
260 print chr$(147); spc(252)"comandi attivati"
270 end
280 :
290 :
1000 rem  *****   blocco 1   *****
1010 :
1020 data  49152,49351,28136
1030 data  73,255,149,250,181,249,73,255,149,249
1040 data  246,249,208,2,246,250,160,202,162,255
1050 data  96,162,3,189,214,2,149,93,202,16
1060 data  248,173,208,2,133,87,173,209,2,133
1070 data  88,173,210,2,133,91,133,78,173,211
1080 data  2,133,92,133,79,96,234,234,192,48
1090 data  12,3,0,85,170,255,234,234,234,234
1100 data  234,234,160,232,162,0,56,165,93,229
1110 data  87,133,249,165,94,229,88,133,250,16
1120 data  3,32,0,192,140,55,193,142,59,193
1130 data  160,198,138,208,2,160,230,140,62,193
1140 data  160,232,162,0,56,165,95,229,91,133
1150 data  253,165,96,229,92,133,254,16,5,162
1160 data  4,32,0,192,140,106,193,142,110,193
1170 data  134,89,134,90,160,198,138,208,2,160
1180 data  230,140,113,193,160,56,169,229,224,0
1190 data  208,4,160,24,169,101,140,72,193,141
1200 data  75,193,141,81,193,141,87,193,141,93
1210 data  193,169,234,141,115,193,165,249,208,2
1220 data  165,250,208,27,169,96,141,115,193,24
1230 :
1240 rem  *****   blocco 2   *****
1250 :
1260 data  49352,49551,30185
1270 data  144,3,32,104,193,32,141,193,165,78
1280 data  197,95,208,244,165,79,197,96,208,248
1290 data  96,230,249,208,2,230,250,230,253,208
1300 data  2,230,254,169,0,133,251,133,252,133
1310 data  247,133,248,162,33,165,247,56,229,249
1320 data  168,165,248,229,250,144,5,133,248,152
1330 data  133,247,38,251,38,252,38,253,38,254
1340 data  38,247,38,248,202,208,224,165,247,208
1350 data  4,165,248,240,7,162,0,232,246,250
1360 data  240,251,160,1,165,253,208,6,165,254
1370 data  208,2,160,0,132,80,24,144,11,166
1380 data  87,202,134,87,224,255,208,2,198,88
1390 data  165,91,133,78,165,92,133,79,24,165
1400 data  89,101,251,133,89,165,90,101,252,133
1410 data  90,165,91,101,253,133,91,165,92,101
1420 data  254,133,92,32,141,193,165,80,240,24
1430 data  166,78,232,134,78,224,0,208,2,230
1440 data  79,234,165,78,197,91,208,231,165,79
1450 data  197,92,208,248,165,87,197,93,208,175
1460 data  165,88,197,94,208,248,96,165,88,240
1470 :
1480 rem  *****   blocco 3   *****
1490 :
1500 data  49552,49751,27606
1510 data  12,201,1,240,1,96,165,87,201,64
1520 data  144,1,96,165,79,240,1,96,165,78
1530 data  201,200,144,1,96,165,78,41,7,133
1540 data  247,165,78,74,74,41,254,168,185,235
1550 data  193,56,229,247,133,247,185,236,193,24
1560 data  101,88,133,248,165,87,41,248,168,165
1570 data  87,41,7,76,36,194,193,166,2,240
1580 data  5,17,247,145,247,96,73,255,49,247
1590 data  145,247,96,128,64,32,16,8,4,2
1600 data  1,7,254,199,252,135,251,71,250,7
1610 data  249,199,247,135,246,71,245,7,244,199
1620 data  242,135,241,71,240,7,239,199,237,135
1630 data  236,71,235,7,234,199,232,135,231,71
1640 data  230,7,229,199,227,135,226,71,225,7
1650 data  224,234,234,234,234,234,234,234,74,170
1660 data  189,58,192,73,255,49,247,145,247,189
1670 data  58,192,166,2,61,62,192,17,247,145
1680 data  247,96,169,71,141,0,3,169,194,141
1690 data  1,3,96,134,254,169,32,45,17,208
1700 data  240,9,169,14,133,251,169,6,32,207
1710 :
1720 rem  *****   blocco 4   *****
1730 :
1740 data  49752,49873,17109
1750 data  198,166,254,48,3,76,58,164,76,116
1760 data  164,169,224,133,250,169,0,133,249,162
1770 data  32,168,145,249,200,208,251,230,250,202
1780 data  208,246,96,169,204,133,250,160,0,132
1790 data  249,165,251,10,10,10,10,133,253,165
1800 data  252,41,15,24,101,253,162,4,145,249
1810 data  200,208,251,230,250,202,208,246,96,165
1820 data  248,240,22,169,32,13,17,208,141,17
1830 data  208,169,56,141,24,208,169,252,45,0
1840 data  221,141,0,221,96,169,223,45,17,208
1850 data  141,17,208,169,21,141,24,208,169,3
1860 data  13,0,221,141,0,221,165,251,141,134
1870 data  2,96
1880 :
1890 rem  *****   blocco 5   *****
1900 :
1910 data  49900,50099,28003
1920 data  169,0,133,97,133,99,240,82,169,2
1930 data  133,97,133,99,169,0,133,98,240,12
1940 data  169,1,133,97,169,0,133,99,169,6
1950 data  133,98,165,93,133,254,165,94,133,255
1960 data  164,98,185,212,2,133,247,185,213,2
1970 data  133,248,169,0,133,81,32,131,195,165
1980 data  253,133,93,165,254,133,94,165,95,133
1990 data  254,165,96,133,255,169,1,133,81,32
2000 data  141,195,165,253,133,95,165,254,133,96
2010 data  165,87,133,254,165,88,133,255,173,212
2020 data  2,133,247,173,213,2,133,248,169,0
2030 data  133,81,32,131,195,165,253,133,87,165
2040 data  254,133,88,165,91,133,254,165,92,133
2050 data  255,169,1,133,81,32,141,195,165,253
2060 data  133,91,133,78,165,254,133,92,133,79
2070 data  96,169,0,133,249,230,248,208,2,230
2080 data  249,165,255,133,80,16,5,162,5,32
2090 data  0,192,169,0,133,253,169,25,133,82
2100 data  169,0,133,252,133,251,133,250,56,165
2110 data  250,229,247,168,165,251,229,248,170,165
2120 :
2130 rem  *****   blocco 6   *****
2140 :
2150 data  50100,50189,12978
2160 data  252,229,249,144,6,133,252,134,251,132
2170 data  250,38,253,38,254,38,255,38,250,38
2180 data  251,38,252,198,82,208,217,165,80,16
2190 data  7,162,4,165,254,32,0,192,198,99
2200 data  16,29,165,81,208,4,169,160,208,2
2210 data  169,100,24,101,253,133,253,165,254,105
2220 data  0,133,254,80,6,198,254,169,255,133
2230 data  253,96,13,198,32,198,57,198,66,198
2240 data  99,194,170,198,202,198,234,198,42,199
2250 :
2260 rem  *****   blocco 7   *****
2270 :
2280 data  50215,50414,23966
2290 data  162,4,189,223,2,157,168,2,202,16
2300 data  247,169,228,133,25,169,2,133,26,76
2310 data  184,196,160,2,169,168,32,162,187,32
2320 data  107,226,160,2,169,183,32,40,186,32
2330 data  170,177,170,152,24,109,190,2,141,203
2340 data  2,138,109,191,2,141,204,2,160,2
2350 data  169,168,32,162,187,32,100,226,160,2
2360 data  169,178,32,40,186,32,170,177,170,152
2370 data  24,109,188,2,141,201,2,138,109,189
2380 data  2,141,202,2,96,169,0,141,168,2
2390 data  141,169,2,141,170,2,141,171,2,141
2400 data  172,2,169,226,133,26,169,229,133,25
2410 data  169,126,141,173,2,169,32,141,174,2
2420 data  169,217,141,175,2,169,123,141,176,2
2430 data  169,197,141,177,2,32,21,192,32,244
2440 data  194,164,93,165,94,32,145,179,162,178
2450 data  160,2,32,212,187,165,87,141,188,2
2460 data  165,88,141,189,2,164,95,165,96,32
2470 data  145,179,162,183,160,2,32,212,187,165
2480 data  91,141,190,2,165,92,141,191,2,169
2490 :
2500 rem  *****   blocco 8   *****
2510 :
2520 data  50415,50614,23197
2530 data  0,133,181,32,61,196,173,201,2,141
2540 data  195,2,173,202,2,141,196,2,173,203
2550 data  2,141,199,2,173,204,2,141,200,2
2560 data  160,2,169,168,32,162,187,160,2,169
2570 data  173,32,103,184,160,2,162,168,32,212
2580 data  187,165,25,164,26,32,91,188,201,255
2590 data  240,14,169,1,133,181,160,4,177,25
2600 data  153,168,2,136,16,248,32,61,196,162
2610 data  9,189,195,2,149,87,202,16,248,165
2620 data  91,133,78,165,92,133,79,32,94,197
2630 data  32,72,192,32,109,197,165,181,240,152
2640 data  96,169,254,45,14,220,141,14,220,169
2650 data  253,37,1,133,1,96,169,2,5,1
2660 data  133,1,169,1,13,14,220,141,14,220
2670 data  96,162,36,138,160,0,209,122,240,6
2680 data  32,138,173,162,0,96,32,115,0,96
2690 data  32,124,197,224,36,240,9,32,170,177
2700 data  140,208,2,141,209,2,32,253,174,32
2710 data  124,197,224,36,240,9,32,170,177,140
2720 data  210,2,141,211,2,32,253,174,32,124
2730 :
2740 rem  *****   blocco 9   *****
2750 :
2760 data  50615,50814,24444
2770 data  197,224,36,240,15,32,170,177,170,16
2780 data  3,76,72,178,140,212,2,141,213,2
2790 data  96,32,253,174,32,124,197,224,36,240
2800 data  9,32,170,177,140,214,2,141,215,2
2810 data  32,253,174,32,124,197,224,36,240,9
2820 data  32,170,177,140,216,2,141,217,2,96
2830 data  32,253,174,32,124,197,224,36,240,15
2840 data  32,170,177,170,16,3,76,72,178,140
2850 data  218,2,141,219,2,96,32,143,197,32
2860 data  31,192,32,236,194,32,94,197,32,141
2870 data  193,32,109,197,96,32,143,197,32,204
2880 data  197,32,243,197,32,21,192,32,0,195
2890 data  32,94,197,32,72,192,32,109,197,96
2900 data  32,143,197,32,126,198,76,134,196,32
2910 data  143,197,32,126,198,32,253,174,32,124
2920 data  197,224,36,240,7,162,223,160,2,32
2930 data  212,187,32,253,174,32,124,197,224,36
2940 data  240,7,162,228,160,2,32,212,187,32
2950 data  253,174,32,124,197,224,36,240,7,162
2960 data  173,160,2,32,212,187,76,39,196,32
2970 :
2980 rem  *****   blocco 10  *****
2990 :
3000 data  50815,51014,27796
3010 data  204,197,173,215,2,16,3,76,72,178
3020 data  173,217,2,48,248,96,234,234,32,158
3030 data  183,224,16,48,3,76,72,178,134,252
3040 data  32,253,174,32,158,183,224,16,16,241
3050 data  134,251,96,32,145,198,32,121,194,169
3060 data  239,45,22,208,141,22,208,169,170,141
3070 data  207,193,169,189,141,208,193,169,227,141
3080 data  209,193,76,161,194,32,145,198,165,252
3090 data  141,33,208,169,216,133,250,160,0,132
3100 data  249,165,251,32,144,194,169,239,45,22
3110 data  208,141,22,208,76,183,194,32,145,198
3120 data  165,252,141,33,208,165,251,133,253,32
3130 data  253,174,32,145,198,169,216,133,250,160
3140 data  0,132,249,165,251,32,144,194,165,253
3150 data  133,251,32,121,194,169,16,13,22,208
3160 data  141,22,208,169,76,141,207,193,169,36
3170 data  141,208,193,169,194,141,209,193,76,161
3180 data  194,32,158,183,224,4,48,3,76,72
3190 data  178,134,2,96,234,169,67,141,8,3
3200 data  169,199,141,9,3,96,32,115,0,201
3210 :
3220 rem  *****   blocco 11  *****
3230 :
3240 data  51015,51163,17772
3250 data  95,240,6,32,121,0,76,231,167,169
3260 data  0,133,249,165,122,133,252,165,123,133
3270 data  253,160,0,240,20,165,252,133,122,165
3280 data  253,133,123,230,249,169,9,197,249,240
3290 data  218,200,202,208,252,185,172,199,170,32
3300 data  115,0,133,254,200,185,172,199,197,254
3310 data  208,219,202,208,240,6,249,166,249,189
3320 data  252,195,141,63,3,232,189,252,195,141
3330 data  64,3,169,32,141,62,3,169,96,141
3340 data  65,3,32,115,0,32,62,3,76,174
3350 data  167,4,80,76,79,84,4,68,82,65
3360 data  87,6,67,73,82,67,76,69,3,65
3370 data  82,67,5,67,76,69,65,82,4,71
3380 data  82,65,70,4,84,69,88,84,5,77
3390 data  71,82,65,70,4,67,79,76,176
9940 rem **********************
9950 rem *                    *
9960 rem * disabilita restore *
9970 rem *                    *
9980 rem **********************
9990 :
10000 for i = 49874 to 49887 : read a : poke i,a : next
10010 data  133,1,169,223,141,250,255,169,194,141,251,255,96,64
10020 poke 50538,76 : poke 50539,210 : poke 50540,194
14870 rem *********************
14880 rem *                   *
14890 rem * comandi load/save *
14900 rem *  pagina  grafica  *
14910 rem *                   *
14920 rem * indirizzi :         *
14930 rem * grsave=51418      *
14940 rem * grmerge=51468     *
14950 rem * grload=51472      *
14960 rem * grverify=51489    *
14970 rem *                   *
14980 rem *********************
14990 :
15000 b = 0 : for i = 51380 to 51561 : read a : b = b + a : poke i,a : next
15010 if b < > 24860 then print "errore nei data delle routines" : end
15020 b = 0 : for i = 51164 to 51183 : read a : b = b + a : poke i,a : next
15030 if b < > 1440 then print "errore nei data delle parole" : end
15040 b = 0 : for i = 50190 to 50197 : read a : b = b + a : poke i,a : next
15050 if b < > 1082 then print "errore nei data degli indirizzi" : end
15060 :
15070 rem     ****    routines   ****
15080 data  169,0,133,249,133,251,162,32,168,32
15090 data  94,197,32,88,201,177,249,36,251,145
15100 data  251,200,208,247,230,250,230,252,202,208
15110 data  240,32,109,197,32,96,201,96,104,104
15120 data  169,224,133,250,169,160,133,252,169,36
15130 data  141,197,200,32,180,200,32,212,225,32
15140 data  88,201,162,64,160,191,169,160,133,254
15150 data  169,0,133,253,169,253,32,216,255,32
15160 data  96,201,144,3,76,249,224,96,169,17
15170 data  208,2,169,36,141,197,200,169,224,133
15180 data  252,169,160,133,250,169,0,240,2,169
15190 data  1,133,10,104,104,32,212,225,32,88
15200 data  201,165,10,162,0,160,160,32,213,255
15210 data  32,96,201,176,205,165,10,240,10,162
15220 data  28,32,183,255,41,16,208,13,96,32
15230 data  180,200,32,183,255,41,191,240,245,162
15240 data  29,76,55,164,120,169,254,37,1,133
15250 data  1,96,72,169,1,5,1,133,1,88,104,96
15260 :
15270 rem     ****   parole   ****
15280 data  3,71,82,148,3,71,82,147,3,71
15290 data  82,149,7,71,82,77,69,82,71,69
15300 :
15310 rem     ****   indirizzi   ****
15320 data  218,200,16,201,33,201,12,201
15330 :
15340 rem  ** attiva i nuovi comandi **
15350 poke 51051,13
19780 rem ******************
19790 rem *                *
19800 rem * comandi  per   *
19810 rem * scrivere nella *
19820 rem * pagina grafica *
19830 rem * ed effettuare  *
19840 rem * la funz. xor   *
19850 rem *  dei  punti    *
19860 rem * da tracciare   *
19870 rem ******************
19880 rem * indirizzi      *
19890 rem * char=51568     *
19900 rem * vchar=51574    *
19910 rem * inv=51795      *
19920 rem ******************
19930 rem * indispensabile *
19940 rem * caricare prima *
19950 rem * i comandi di   *
19960 rem * save/load      *
19970 rem * pagina grafica *
19980 rem ******************
19990 :
20000 b = 0 : for i = 51568 to 51826 : read a : b = b + a : poke i,a : next
20010 if b < > 34524 then print "errore nei data delle routine" : end
20020 b = 0 : for i = 51184 to 51198 : read a : b = b + a : poke i,a : next
20030 if b < > 907 then print "errore nei data delle parole" : end
20040 b = 0 : for i = 50198 to 50203 : read a : b = b + a : poke i,a : next
20050 if b < > 917 then print "errore nei data degli indirizzi" : end
20060 :
20070 rem   ****   routine   ****
20080 data  169,8,162,0,240,4,169,64,162,1,133,181,134,182
20090 data  32,158,183,224,40,144,3,76,72,178,138,162,0,32
20100 data  69,202,32,241,183,224,25,176,240,134,249,169,24,56
20110 data  229,249,10,168,24,185,235,193,101,247,41,248,133,247
20120 data  185,236,193,101,248,133,248,32,241,183,224,4,176,207
20130 data  134,251,6,251,6,251,32,253,174,32,158,173,36,13
20140 data  48,6,32,221,189,32,135,180,32,166,182,170,240,103
20150 data  133,252,160,0,132,253,32,32,202,144,37,162,2,32
20160 data  69,202,169,208,24,101,251,101,250,133,250,120,169,251
20170 data  37,1,133,1,160,7,177,249,145,247,136,16,249,169
20180 data  4,5,1,133,1,88,198,252,240,51,24,165,181,101
20190 data  247,133,247,165,182,101,248,133,248,176,10,201,255,208
20200 data  191,165,247,201,64,144,185,96,164,253,177,34,200,132
20210 data  253,170,48,16,201,32,144,11,201,96,144,4,41,223
20220 data  208,2,41,63,56,96,41,127,201,127,208,2,169,94
20230 data  201,32,96,160,0,148,248,10,10,54,248,10,54,248
20240 data  149,247,96,32,158,183,138,240,12,169,81,141,215,193
20250 data  141,45,194,141,55,194,96,169,17,141,215
20260 data  193,141,55,194,169,145,141,45,194,96
20270 :
20280 rem   ****   parole   ****
20290 data  4,67,72,65,82,5,86,67,72,65,82,3,73,78,86
20300 :
20310 rem   ****   indirizzi   ****
20320 data  112,201,118,201,83,202
20330 :
20340 rem  ** numero di comandi attivati **
20350 poke 51051,16
24800 rem *******************
24810 rem *                 *
24820 rem *    l e n t e    *
24830 rem * d'ingrandimento *
24840 rem *   by f.sorgato  *
24850 rem * modificata per  *
24860 rem *    ottenere     *
24870 rem * compatibilita'  *
24880 rem * con gli  altri  *
24890 rem * nuovi comandi   *
24900 rem *******************
24910 rem * indirizzo :       *
24920 rem * lens=51206      *
24930 rem *******************
24940 rem * e'  necessario  *
24950 rem * siano gia' stati*
24960 rem * caricati tutti  *
24970 rem *gli altri comandi*
24980 rem *******************
24990 :
25000 b = 0 : for i = 51206 to 51376 : read a : b = b + a : poke i,a : next
25010 if b < > 20775 then print "errore nei data del blocco 1" : end
25020 b = 0 : for i = 51827 to 51967 : read a : b = b + a : poke i,a : next
25030 if b < > 18792 then print "errore nei data del blocco 2" : end
25040 b = 0 : for i = 51199 to 51201 : read a : b = b + a : poke i,a : next
25050 for i = 50204 to 50205 : read a : b = b + a : poke i,a : next
25060 if b < > 486 then print "errore nei data parola/indirizzo" : end
25070 :
25080 rem   ****   routine   ****
25090 rem   ****   blocco 1   ****
25100 data  32,143,197,173,208,2,133,87,173,209,2,41,254,240
25110 data  5,162,14,108,0,3,173,209,2,133,88,173,210,2
25120 data  133,89,173,211,2,208,236,173,212,2,133,91,173,213
25130 data  2,208,226,173,0,207,41,15,133,90,169,44,141,248
25140 data  207,169,45,141,249,207,169,3,141,21,208,141,23,208
25150 data  141,29,208,165,90,141,40,208,165,91,141,39,208,120
25160 data  169,53,133,1,169,0,133,94,133,2,32,115,202,160
25170 data  0,165,87,24,105,12,144,2,160,3,141,0,208,141
25180 data  2,208,165,89,24,105,18,141,1,208,141,3,208,165
25190 data  88,240,2,160,3,132,251,173,16,208,41,252,5,251
25200 data  141,16,208,162,64,160,255,189,191,3,157,255,202,152
25210 data  157,63,203,202,208,243,169,55,133,1,169,96,141,65
25220 data  3,88,96
25230 :
25240 rem   ****   blocco 2   ****
25250 data  165,89,74,74,74,10,133,251,169,160,133,252,32,230
25260 data  202,165,87,41,7,170,165,87,41,248,133,90,165,89
25270 data  41,7,5,90,24,101,254,144,2,230,255,133,254,165
25280 data  255,24,101,88,105,224,133,255,160,0,177,254,153,90
25290 data  0,165,254,24,105,7,144,2,230,255,133,254,200,192
25300 data  4,208,235,138,240,11,6,93,38,92,38,91,38,90
25310 data  202,208,245,164,94,162,0,181,90,153,192,3,230,94
25320 data  200,232,224,3,208,243,230,89,230,2,165,2,201,21
25330 data  208,142,96,169,0,162,8,10,38,251,144,7,24,101
25340 data  252,144,2,230,251,202,208,241,133,254,165,251,133,255
25350 data  96
25360 :
25370 rem   ****   parola   ****
25380 data  2,195,83
25390 :
25400 rem   ****   indirizzo   ****
25410 data  6,200
25420 :
25430 rem   ** numero di comandi attivati **
25440 poke 51051,17